34816
51142
71587
35881
64343
34715
40078
38981
41006
38003
75458
53848
47916
74466
40683
51216
49047
47637
40151
74695
78006
35727
41988
47155
38045
59327
112150
38039
117942
64537
97708
37009
44954
64343
46468
114005
36757
34926
34680
38577
40869
57310
53965
35507
78218
59731
65429
34686
59714
39472
36736
74762
64744
99166
41765
42901
41380
36599
42700
36063
51454
45017
47570
77274
35501
39614
59069
50940
56946
51262
39598
42086
35047
35266
51244
40698
38250
37576
49739
81140
57553
43007
39890
43279
38901
48991
90894
38997
36754
43905
63838
59739
36752
70246
36328
41917
42686
34440
40638
40507
36353
72068
35733
93740
80037
34348
51403
35811
34738
40839
48192
34910
59637
100018
73600
61405
56203
81200
34679
35702
35526
75261
37250
78830
43763
69993
112417
62791
115211
116612
41423
73991
51426
112058
44399
93244
50726
35567
66306
92430
60409
64237
54358
106161
36137
37081
73593
35008
85702
118105
58696
89436
35998
40124
44348
51098
36578
70943
51126
65631
34485
68038
34427
38357
58178
35300
52030
39676
47755
41178
76972
35476
40771
34918
50554
39593
64631
49095
89030
52117
35362
36595
51505
43693
73891
115441
109148
34731
67040
53080
71433
78898
50065
69228
62623
43521
50876
42224
84280
40182
36135
36184
36371
91992
35415
35932
50296
52176
38106
121822
34955
35025
51193
42448
47519
36230
37423
64001
44694
39396
53620
46015
67141
37280
37702
36674
93747
35924
51492
62336
36036
37994
103225
84289
63836
77293
34471
37369
39625
36429
61457
52830
39976
77562
49592
49405
88925
34721
43880
71874
76758
47060
42603
52097
36610
88270
37851
52697
37504
48980
35740
46167
49673
85308
56934
45178
35887
38227
73944
83657
121292
43919
39685
36369
71970
36702
62846
63515
43309
38740
94336
67696
38515
46979
41333
54377
54450
42089
65961
40792
54243
63746
34634
38775
34230
38973
61831
78764
60050
68636
91615
59431
120000
37258
52517
98727
64197
35795
75770
50772
59138
86684
76088
38695
42795
41059
41788
54136
39643
53758
35273
92124
103150
56572
41295
47815
49812
74743
49504
34291
70321
79524
58149
55754
52468
34584
36542
36017
110267
34625
35488
55814
70152
57010
34899
34626
74001
45951
119053
91827
35461
84473
56308
42542
53252
124825
70686
43040
41229
34234
60823
56166
43686
41510
85661
39669
78057
70634
35662
60881
77926
91709
50063
56061
48958
46543
35426
36369
54824
38708
48148
57708
36233
34819
40567
42227
41520
91705
65432
81161
98302
46518
38924
60879
47037
107749
86893
36374
64432
44516
39276
60873
36066
40793
39508
83490
37792
89035
123082
42548
43538
34532
41406
51926
57374
36316
36086
79529
48923
53112
40839
62459
36788
49562
72978
34228
112728
63378
62075
47008
43264
41000
89740
92854
36276
48511
41360
65322
34606
55422
37467
38003
39776
37134
39079
37975
42817
42973
52889
65140
52395
63723
34228
58857
108378
86362
76676
126061
41257
52662
53011
89734
38845
36305
38748
69835
72772
69983
43415
43872
110625
104302
75843
70923
35151
57618
95351
37711
35644
93399
36137
44794
43416
56014
90902
35772
42298
45494
73374
58749
35648
130722
62458
37602
89368
59002
40549
37703
35169
80470
35796
34216
58386
103205
62315
43576
35097
39656
41309
55716
48118
40355
34634
61519
49350
53393
81779
62980
36782
44040
42879
65764
111063
55531
40895
128363
65262
97796
51670
52662
54497
51276
37937
47968
39710
69468
43622
88184
35737
48185
49001
36139
38477
35913
55050
109165
58622
98212
85085
84871
71247
96381
37810
38237
36735
59223
44949
69950
60047
35529
40400
44542
70343
43346
35377
41047
58247
38881
63319
36749
114883
78611
111146
42415
37893
43348
35247
88351
51829
39792
45326
35180
42389
42751
54941
41513
51605
47995
35625
34600
43382
74718
51736
34343
34633
89397
50547
43875
42310
46040
36999
91646
40639
50340
61812
39650
35733
65758
37503
48637
101630
50587
64553
35473
51866
39052
60632
44934
39606
123784
46040
37043
36578
34781
37010
72820
63344
57490
127789
42200
40014
37270
62921
44069
51503
76962
58264
75392
40472
40887
34589
49160
98332
73698
35425
36572
36185
91748
40538
41985
92528
49142
75596
71538
67385
34526
95275
64287
37392
37255
81704
43405
57218
45079
47547
41629
58227
35626
64663
39310
69132
61635
98877
38350
35555
74265
52961
38085
38460
42867
125227
56485
82289
122744
63198
66830
35200
47153
43185
66670
81289
57958
38946
51802
48654
48195
47346
35661
38529
53412
63051
50413
37790
78139
71107
35626
42804
47039
34945
55946
34816
106749
34523
50008
51312
49797
63785
96261
55983
46434
38686
60055
53364
44881
48793
40262
45275
57688
82935
44768
36305
57287
34811
37915
44128
60883
38702
39002
55944
78050
48126
47490
41549
39671
38309
36915
48009
36494
59357
54923
35529
76522
45800
63188
48750
37703
61284
38977
40252
64764
45830
36220
34913
78791
38089
91564
56330
80909
87595
58672
74185
70230
36912
52431
51547
59463
62964
51682
42148
39009
37564
38588
72696
76538
51081
38911
34349
38075
64108
43686
34408
41876
57767
54333
41850
72142
50993
77713
59928
107704
96760
36176
81518
51920
78088
40424
72445
37858
69343
35254
34915
56408
35981
43021
51515
38582
35859
89354
67421
34627
37072
47082
38723
111005
68298
45611
53871
37118
57582
58868
41596
46148
34720
59230
46021
77753
43502
38900
42550
86966
36771
64773
122741
39040
58332
57454
40541
41509
42622
41570
47008
41529
50349
75638
39325
40796
41158
77863
62544
66648
35846
40674
71047
67123
35510
92447
126129
100471
56738
76149
35841
72307
36615
35645
44324
40112
34701
35428
42046
37316
38695
82266
42852
37856
42563
69980
123010
61670
42943
36974
34234
58089
40682
34865
65300
40195
47057
82838
41950
70301
88700
63561
48916
45098
38493
44426
98503
47666
34776
127269
78783
35765
61077
46910
51632
34549
69005
58200
72803
37866
88880
94325
87922
120090
55603
47861
36641
65184
46701
60029
97026
35548
41246
49540
42662
84135
99346
39546
38942
83487
35386
119337
117204
77855
56874
75582
34587
60384
48700
82688
37707
109218
66445
36977
40490
56984
55543
63543
43221
51776
36916
59839
39342
35814
35636
46302
45361
50187
51627
34473
47327
105293
80226
71631
74423
37031
56154
35732
35040
46688
40656
53943
34495
50790
40077
75538
81178
62628
91630
81934
83645
36494
102247
36525
41326
86093
34267
35123
38060
38101
38601
37569
40341
71309
54068
37833
40004
34643
62254
47553
86837
46370
41483
60761
79845
34789
72316
36935
41002
38268
39319
35362
112691
39860
44990
50852
41243
94013
64803
38762
49372
40554
49145
42080
51269
39397
41939
102697
47728
48673
88993
34435
58542
67904
67242
37175
45971
47056
58692
45155
35830
72386
49500
68771
38981
85837
47020
45900
84506
43757
52446
92785
54665
51312
54675
92117
67188
57924
41896
67095
79000
47127
56329
63080
61739
55840
58329
57446
95749
86291
63848
45484
43994
61353
55581
122246
39811
38489
40706
49778
51395
42795
45779
67290
51136
36256
68676
76895
69249
50748
34808
41538
67469
39669
51586
92743
49665
36874
45034
55268
44076
34536
42040
34736
36213
72724
122046
36201
46554
91382
97702
34327
118297
107672
61923
64294
77286
97041
54186
82712
70562
34731
35048
43935
71706
37895
57871
47998
34834
38067
43560
52560
110966
64285
34427
34810
42746
36043
41892
71748
36796
38983
36025
42637
91801
41337
43769
34990
36853
45905
63601
50667
69569
67134
38384
44058
43923
36374
60758
70725
45134
67411
34923
67752
61685
57545
37352
36571
94709
35834
81625
44355
34992
39339
43577
95758
43244
53248
44418
35672
38259
47754
35100
45506
79833
62052
48708
84506
45724
46324
40584
77646
106866
36739
37684
40250
98005
41195
45378
98023
87981
73673
37673
36343
74977
43156
48293
63363
34722
44251
37310
45068
53494
43233
51659
52117
85123
41865
46311
65716
50321
65958
42033
43172
38448
51184
34323
35569
39552
58541
44514
35086
36040
35257
35291
44195
35372
71644
64642
39842
75685
77164
38542
40049
47164
61957
34503
35462
43695
43324
58636
72192
77305
34743
97235
109066
43999
44850
118638
41105
81113
46241
50551
46342
36694
62895
44878
81171
59842
77343
36962
61763
42160
38604
55311
81361
37368
43885
41823
60447
79875
48267
43518
97780
83630
79076
35733
35836
44997
38684
70068
35255
49346
70305
51476
91263
34525
45132
35958
49099
54721
73128
40283
39140
43007
36404
73302
41666
46499
40572
43534
57723
64120
40513
56383
54529
64302
101596
104470
36559
40908
53607
38297
36268
68393
75167
52713
67654
68109
36091
100682
36156
44104
50782
35543
36545
71903
39329
52759
35247
51304
35720
35747
53937
79505
88924
44032
36498
34709
37532
57079
68776
74097
63342
113936
128860
47441
38653
34976
39223
69681
34523
64952
43430
65829
40037
93396
99827
37467
38585
39629
61916
41097
41528
63532
36118
54995
34234
82692
38659
44675
44719
41866
64872
89372
69982
44802
66592
55726
50293
35929
77494
76139
94090
84787
44358
45478
47528
67984
38995
70563
50216
42867
45817
37296
50872
48431
57325
101919
35157
68451
91300
95362
36252
36272
48413
36697
56790
36597
51676
45893
68070
56480
46368
35374
37477
89103
40324
49586
50628
38683
58035
45687
66229
89260
70382
66349
36799
35183
39204
39337
36370
42410
54814
71996
53538
49945
36019
42850
35466
70211
66209
55635
89346
76652
37149
102415
47191
51309
61093
91448
53189
35983
69574
36711
37254
37416
36767
34862
39635
80014
56338
110491
45243
76594
46619
38271
49119
38403
80953
39445
35743
48701
56288
103867
50183
35228
41893
58402
38589
44927
53276
55881
40271
62900
47884
92238
43985
59912
75387
59303
35222
78315
36593
56508
42678
48146
63731
79857
45660
54608
49374
66775
35636
41460
60830
37624
50311
36837
92831
39552
35009
49385
36153
98005
41228
39247
70156
53503
35988
36738
78869
34427
35524
58762
60959
37602
75809
76661
106249
34835
41341
41996
76652
54443
47424
55332
36706
64123
67446
66363
52511
45360
34946
78051
46045
36172
46623
37395
65575
38918
43415
61625
35064
38156
41322
38708
44599
97986
34605
64784
34969
61414
66068
89929
54919
37592
34483
35513
43112
46876
100546
51968
41823
39982
47060
51986
98656
36788
116125
39859
36478
56033
39235
73265
54167
75012
38040
68976
47195
76134
35017
83266